0.000000000000000000e+00
2.040816326530612290e+00
4.081632653061224580e+00
6.122448979591837315e+00
8.163265306122449161e+00
1.020408163265306101e+01
1.224489795918367463e+01
1.428571428571428648e+01
1.632653061224489832e+01
1.836734693877551194e+01
2.040816326530612201e+01
2.244897959183673564e+01
2.448979591836734926e+01
2.653061224489795933e+01
2.857142857142857295e+01
3.061224489795918302e+01
3.265306122448979664e+01
3.469387755102040671e+01
3.673469387755102389e+01
3.877551020408163396e+01
4.081632653061224403e+01
4.285714285714286120e+01
4.489795918367347127e+01
4.693877551020408134e+01
4.897959183673469852e+01
5.102040816326530859e+01
5.306122448979591866e+01
5.510204081632652873e+01
5.714285714285714590e+01
5.918367346938775597e+01
6.122448979591836604e+01
6.326530612244898322e+01
6.530612244897959329e+01
6.734693877551021046e+01
6.938775510204081343e+01
7.142857142857143060e+01
7.346938775510204778e+01
7.551020408163265074e+01
7.755102040816326792e+01
7.959183673469388509e+01
8.163265306122448806e+01
8.367346938775510523e+01
8.571428571428572241e+01
8.775510204081632537e+01
8.979591836734694255e+01
9.183673469387755972e+01
9.387755102040816269e+01
9.591836734693877986e+01
9.795918367346939704e+01
1.000000000000000000e+02
